TotalLoad=0.24_PropFine=0.1_PropLive=0.1	0.022	0.194	0	0.002	0.022	D	2000	1800	1500	30	15	8001	8000
TotalLoad=0.24_PropFine=0.55_PropLive=0.1	0.119	0.097	0	0.013	0.011	D	2000	1800	1500	30	15	8001	8000
TotalLoad=0.24_PropFine=0.775_PropLive=0.1	0.167	0.049	0	0.019	0.005	D	2000	1800	1500	30	15	8001	8000
TotalLoad=0.24_PropFine=0.325_PropLive=0.1	0.07	0.146	0	0.008	0.016	D	2000	1800	1500	30	15	8001	8000
TotalLoad=0.24_PropFine=1_PropLive=0.1	0.216	0	0	0.024	0	D	2000	1800	1500	30	15	8001	8000
TotalLoad=0.24_PropFine=0.55_PropLive=0.3	0.092	0.076	0	0.04	0.032	D	2000	1800	1500	30	15	8001	8000
TotalLoad=0.24_PropFine=0.325_PropLive=0.3	0.055	0.113	0	0.023	0.049	D	2000	1800	1500	30	15	8001	8000
TotalLoad=0.24_PropFine=0.1_PropLive=0.3	0.017	0.151	0	0.007	0.065	D	2000	1800	1500	30	15	8001	8000
TotalLoad=0.24_PropFine=1_PropLive=0.3	0.168	0	0	0.072	0	D	2000	1800	1500	30	15	8001	8000
TotalLoad=0.24_PropFine=0.775_PropLive=0.3	0.13	0.038	0	0.056	0.016	D	2000	1800	1500	30	15	8001	8000
TotalLoad=0.24_PropFine=0.1_PropLive=0.5	0.012	0.108	0	0.012	0.108	D	2000	1800	1500	30	15	8001	8000
TotalLoad=0.24_PropFine=0.325_PropLive=0.5	0.039	0.081	0	0.039	0.081	D	2000	1800	1500	30	15	8001	8000
TotalLoad=0.24_PropFine=0.55_PropLive=0.5	0.066	0.054	0	0.066	0.054	D	2000	1800	1500	30	15	8001	8000
TotalLoad=0.24_PropFine=0.775_PropLive=0.5	0.093	0.027	0	0.093	0.027	D	2000	1800	1500	30	15	8001	8000
TotalLoad=0.24_PropFine=0.325_PropLive=0.7	0.023	0.049	0	0.055	0.113	D	2000	1800	1500	30	15	8001	8000
TotalLoad=0.24_PropFine=1_PropLive=0.5	0.12	0	0	0.12	0	D	2000	1800	1500	30	15	8001	8000
TotalLoad=0.24_PropFine=0.1_PropLive=0.7	0.007	0.065	0	0.017	0.151	D	2000	1800	1500	30	15	8001	8000
TotalLoad=0.24_PropFine=0.55_PropLive=0.7	0.04	0.032	0	0.092	0.076	D	2000	1800	1500	30	15	8001	8000
TotalLoad=0.24_PropFine=0.775_PropLive=0.7	0.056	0.016	0	0.13	0.038	D	2000	1800	1500	30	15	8001	8000
TotalLoad=0.24_PropFine=1_PropLive=0.7	0.072	0	0	0.168	0	D	2000	1800	1500	30	15	8001	8000
TotalLoad=0.24_PropFine=0.1_PropLive=0.9	0.002	0.022	0	0.022	0.194	D	2000	1800	1500	30	15	8001	8000
TotalLoad=0.24_PropFine=0.55_PropLive=0.9	0.013	0.011	0	0.119	0.097	D	2000	1800	1500	30	15	8001	8000
TotalLoad=0.24_PropFine=0.775_PropLive=0.9	0.019	0.005	0	0.167	0.049	D	2000	1800	1500	30	15	8001	8000
TotalLoad=0.24_PropFine=0.325_PropLive=0.9	0.008	0.016	0	0.07	0.146	D	2000	1800	1500	30	15	8001	8000
TotalLoad=0.74_PropFine=0.325_PropLive=0.1	0.216	0.45	0	0.024	0.05	D	2000	1800	1500	30	15	8001	8000
TotalLoad=0.24_PropFine=1_PropLive=0.9	0.024	0	0	0.216	0	D	2000	1800	1500	30	15	8001	8000
TotalLoad=0.74_PropFine=0.55_PropLive=0.1	0.366	0.3	0	0.041	0.033	D	2000	1800	1500	30	15	8001	8000
TotalLoad=0.74_PropFine=0.1_PropLive=0.1	0.067	0.599	0	0.007	0.067	D	2000	1800	1500	30	15	8001	8000
TotalLoad=0.74_PropFine=0.775_PropLive=0.1	0.516	0.15	0	0.057	0.017	D	2000	1800	1500	30	15	8001	8000
TotalLoad=0.74_PropFine=1_PropLive=0.1	0.666	0	0	0.074	0	D	2000	1800	1500	30	15	8001	8000
TotalLoad=0.74_PropFine=0.1_PropLive=0.3	0.052	0.466	0	0.022	0.2	D	2000	1800	1500	30	15	8001	8000
TotalLoad=0.74_PropFine=0.325_PropLive=0.3	0.168	0.35	0	0.072	0.15	D	2000	1800	1500	30	15	8001	8000
TotalLoad=0.74_PropFine=0.775_PropLive=0.3	0.401	0.117	0	0.172	0.05	D	2000	1800	1500	30	15	8001	8000
TotalLoad=0.74_PropFine=1_PropLive=0.3	0.518	0	0	0.222	0	D	2000	1800	1500	30	15	8001	8000
TotalLoad=0.74_PropFine=0.55_PropLive=0.3	0.285	0.233	0	0.122	0.1	D	2000	1800	1500	30	15	8001	8000
TotalLoad=0.74_PropFine=0.1_PropLive=0.5	0.037	0.333	0	0.037	0.333	D	2000	1800	1500	30	15	8001	8000
TotalLoad=0.74_PropFine=0.325_PropLive=0.5	0.12	0.25	0	0.12	0.25	D	2000	1800	1500	30	15	8001	8000
TotalLoad=0.74_PropFine=0.55_PropLive=0.5	0.204	0.166	0	0.204	0.166	D	2000	1800	1500	30	15	8001	8000
TotalLoad=0.74_PropFine=1_PropLive=0.5	0.37	0	0	0.37	0	D	2000	1800	1500	30	15	8001	8000
TotalLoad=0.74_PropFine=0.775_PropLive=0.5	0.287	0.083	0	0.287	0.083	D	2000	1800	1500	30	15	8001	8000
TotalLoad=0.74_PropFine=0.1_PropLive=0.7	0.022	0.2	0	0.052	0.466	D	2000	1800	1500	30	15	8001	8000
TotalLoad=0.74_PropFine=0.325_PropLive=0.7	0.072	0.15	0	0.168	0.35	D	2000	1800	1500	30	15	8001	8000
TotalLoad=0.74_PropFine=0.775_PropLive=0.7	0.172	0.05	0	0.401	0.117	D	2000	1800	1500	30	15	8001	8000
TotalLoad=0.74_PropFine=0.55_PropLive=0.7	0.122	0.1	0	0.285	0.233	D	2000	1800	1500	30	15	8001	8000
TotalLoad=0.74_PropFine=0.55_PropLive=0.9	0.041	0.033	0	0.366	0.3	D	2000	1800	1500	30	15	8001	8000
TotalLoad=0.74_PropFine=1_PropLive=0.7	0.222	0	0	0.518	0	D	2000	1800	1500	30	15	8001	8000
TotalLoad=0.74_PropFine=0.325_PropLive=0.9	0.024	0.05	0	0.216	0.45	D	2000	1800	1500	30	15	8001	8000
TotalLoad=0.74_PropFine=0.1_PropLive=0.9	0.007	0.067	0	0.067	0.599	D	2000	1800	1500	30	15	8001	8000
TotalLoad=0.74_PropFine=0.775_PropLive=0.9	0.057	0.017	0	0.516	0.15	D	2000	1800	1500	30	15	8001	8000
TotalLoad=1.24_PropFine=0.1_PropLive=0.1	0.112	1.004	0	0.012	0.112	D	2000	1800	1500	30	15	8001	8000
TotalLoad=0.74_PropFine=1_PropLive=0.9	0.074	0	0	0.666	0	D	2000	1800	1500	30	15	8001	8000
TotalLoad=1.24_PropFine=0.325_PropLive=0.1	0.363	0.753	0	0.04	0.084	D	2000	1800	1500	30	15	8001	8000
TotalLoad=1.24_PropFine=0.1_PropLive=0.3	0.087	0.781	0	0.037	0.335	D	2000	1800	1500	30	15	8001	8000
TotalLoad=1.24_PropFine=1_PropLive=0.1	1.116	0	0	0.124	0	D	2000	1800	1500	30	15	8001	8000
	8001	8000

TotalLoad=1.24_PropFine=0.325_PropLive=0.3	0.282	0.586	0	0.121	0.251	D	2000	1800	1500	30	15	8001	8000
TotalLoad=1.24_PropFine=0.55_PropLive=0.3	0.477	0.391	0	0.205	0.167	D	2000	1800	1500	30	15	8001	8000
TotalLoad=1.24_PropFine=0.775_PropLive=0.3	0.673	0.195	0	0.288	0.084	D	2000	1800	1500	30	15	8001	8000
TotalLoad=1.24_PropFine=1_PropLive=0.3	0.868	0	0	0.372	0	D	2000	1800	1500	30	15	8001	8000
TotalLoad=1.24_PropFine=0.1_PropLive=0.5	0.062	0.558	0	0.062	0.558	D	2000	1800	1500	30	15	8001	8000
TotalLoad=1.24_PropFine=0.325_PropLive=0.5	0.202	0.419	0	0.202	0.419	D	2000	1800	1500	30	15	8001	8000
TotalLoad=1.24_PropFine=0.55_PropLive=0.5	0.341	0.279	0	0.341	0.279	D	2000	1800	1500	30	15	8001	8000
TotalLoad=1.24_PropFine=0.775_PropLive=0.5	0.48	0.139	0	0.48	0.139	D	2000	1800	1500	30	15	8001	8000
TotalLoad=1.24_PropFine=0.1_PropLive=0.7	0.037	0.335	0	0.087	0.781	D	2000	1800	1500	30	15	8001	8000
TotalLoad=1.24_PropFine=1_PropLive=0.5	0.62	0	0	0.62	0	D	2000	1800	1500	30	15	8001	8000
TotalLoad=1.24_PropFine=0.325_PropLive=0.7	0.121	0.251	0	0.282	0.586	D	2000	1800	1500	30	15	8001	8000
TotalLoad=1.24_PropFine=0.1_PropLive=0.9	0.012	0.112	0	0.112	1.004	D	2000	1800	1500	30	15	8001	8000
TotalLoad=1.24_PropFine=1_PropLive=0.7	0.372	0	0	0.868	0	D	2000	1800	1500	30	15	8001	8000
TotalLoad=1.24_PropFine=0.775_PropLive=0.7	0.288	0.084	0	0.673	0.195	D	2000	1800	1500	30	15	8001	8000
TotalLoad=1.24_PropFine=0.55_PropLive=0.7	0.205	0.167	0	0.477	0.391	D	2000	1800	1500	30	15	8001	8000
TotalLoad=1.24_PropFine=0.325_PropLive=0.9	0.04	0.084	0	0.363	0.753	D	2000	1800	1500	30	15	8001	8000
TotalLoad=1.24_PropFine=0.775_PropLive=0.9	0.096	0.028	0	0.865	0.251	D	2000	1800	1500	30	15	8001	8000
TotalLoad=1.24_PropFine=0.55_PropLive=0.9	0.068	0.056	0	0.614	0.502	D	2000	1800	1500	30	15	8001	8000
TotalLoad=1.24_PropFine=1_PropLive=0.9	0.124	0	0	1.116	0	D	2000	1800	1500	30	15	8001	8000
TotalLoad=1.74_PropFine=0.325_PropLive=0.1	0.509	1.057	0	0.057	0.117	D	2000	1800	1500	30	15	8001	8000
TotalLoad=1.74_PropFine=0.775_PropLive=0.1	1.214	0.352	0	0.135	0.039	D	2000	1800	1500	30	15	8001	8000
TotalLoad=1.74_PropFine=0.55_PropLive=0.1	0.861	0.705	0	0.096	0.078	D	2000	1800	1500	30	15	8001	8000
TotalLoad=1.74_PropFine=0.1_PropLive=0.1	0.157	1.409	0	0.017	0.157	D	2000	1800	1500	30	15	8001	8000
TotalLoad=1.74_PropFine=1_PropLive=0.1	1.566	0	0	0.174	0	D	2000	1800	1500	30	15	8001	8000
TotalLoad=1.74_PropFine=0.1_PropLive=0.3	0.122	1.096	0	0.052	0.47	D	2000	1800	1500	30	15	8001	8000
TotalLoad=1.74_PropFine=0.325_PropLive=0.3	0.396	0.822	0	0.17	0.352	D	2000	1800	1500	30	15	8001	8000
TotalLoad=1.74_PropFine=0.55_PropLive=0.3	0.67	0.548	0	0.287	0.235	D	2000	1800	1500	30	15	8001	8000
TotalLoad=1.74_PropFine=0.775_PropLive=0.3	0.944	0.274	0	0.405	0.117	D	2000	1800	1500	30	15	8001	8000
TotalLoad=1.74_PropFine=1_PropLive=0.3	1.218	0	0	0.522	0	D	2000	1800	1500	30	15	8001	8000
TotalLoad=1.74_PropFine=0.1_PropLive=0.5	0.087	0.783	0	0.087	0.783	D	2000	1800	1500	30	15	8001	8000
TotalLoad=1.74_PropFine=0.55_PropLive=0.5	0.479	0.391	0	0.479	0.391	D	2000	1800	1500	30	15	8001	8000
TotalLoad=1.74_PropFine=0.325_PropLive=0.5	0.283	0.587	0	0.283	0.587	D	2000	1800	1500	30	15	8001	8000
TotalLoad=1.74_PropFine=0.775_PropLive=0.5	0.674	0.196	0	0.674	0.196	D	2000	1800	1500	30	15	8001	8000
TotalLoad=1.74_PropFine=1_PropLive=0.5	0.87	0	0	0.87	0	D	2000	1800	1500	30	15	8001	8000
TotalLoad=1.74_PropFine=0.55_PropLive=0.7	0.287	0.235	0	0.67	0.548	D	2000	1800	1500	30	15	8001	8000
TotalLoad=1.74_PropFine=0.775_PropLive=0.7	0.405	0.117	0	0.944	0.274	D	2000	1800	1500	30	15	8001	8000
TotalLoad=1.74_PropFine=0.1_PropLive=0.7	0.052	0.47	0	0.122	1.096	D	2000	1800	1500	30	15	8001	8000
TotalLoad=1.74_PropFine=0.325_PropLive=0.7	0.17	0.352	0	0.396	0.822	D	2000	1800	1500	30	15	8001	8000
TotalLoad=1.74_PropFine=0.1_PropLive=0.9	0.017	0.157	0	0.157	1.409	D	2000	1800	1500	30	15	8001	8000
TotalLoad=1.74_PropFine=0.325_PropLive=0.9	0.057	0.117	0	0.509	1.057	D	2000	1800	1500	30	15	8001	8000
TotalLoad=1.74_PropFine=1_PropLive=0.7	0.522	0	0	1.218	0	D	2000	1800	1500	30	15	8001	8000
TotalLoad=1.74_PropFine=0.55_PropLive=0.9	0.096	0.078	0	0.861	0.705	D	2000	1800	1500	30	15	8001	8000
TotalLoad=1.74_PropFine=0.775_PropLive=0.9	0.135	0.039	0	1.214	0.352	D	2000	1800	1500	30	15	8001	8000
TotalLoad=2.24_PropFine=0.325_PropLive=0.1	0.655	1.361	0	0.073	0.151	D	2000	1800	1500	30	15	8001	8000
TotalLoad=1.74_PropFine=1_PropLive=0.9	0.174	0	0	1.566	0	D	2000	1800	1500	30	15	8001	8000
TotalLoad=2.24_PropFine=0.1_PropLive=0.1	0.202	1.814	0	0.022	0.202	D	2000	1800	1500	30	15	8001	8000
TotalLoad=2.24_PropFine=0.775_PropLive=0.1	1.562	0.454	0	0.174	0.05	D	2000	1800	1500	30	15	8001	8000
TotalLoad=2.24_PropFine=1_PropLive=0.1	2.016	0	0	0.224	0	D	2000	1800	1500	30	15	8001	8000
TotalLoad=2.24_PropFine=0.55_PropLive=0.1	1.109	0.907	0	0.123	0.101	D	2000	1800	1500	30	15	8001	8000
TotalLoad=2.24_PropFine=0.1_PropLive=0.3	0.157	1.411	0	0.067	0.605	D	2000	1800	1500	30	15	8001	8000
TotalLoad=2.24_PropFine=0.55_PropLive=0.3	0.862	0.706	0	0.37	0.302	D	2000	1800	1500	30	15	8001	8000
TotalLoad=2.24_PropFine=0.325_PropLive=0.3	0.51	1.058	0	0.218	0.454	D	2000	1800	1500	30	15	8001	8000

TotalLoad=2.24_PropFine=1_PropLive=0.3	1.568	0	0	0.672	0	D	2000	1800	1500	30	15	8001	8000
TotalLoad=2.24_PropFine=0.775_PropLive=0.5	0.868	0.252	0	0.868	0.252	D	2000	1800	1500	30	15	8001	8000
TotalLoad=2.24_PropFine=0.325_PropLive=0.5	0.364	0.756	0	0.364	0.756	D	2000	1800	1500	30	15	8001	8000
TotalLoad=2.24_PropFine=0.1_PropLive=0.5	0.112	1.008	0	0.112	1.008	D	2000	1800	1500	30	15	8001	8000
TotalLoad=2.24_PropFine=0.55_PropLive=0.5	0.616	0.504	0	0.616	0.504	D	2000	1800	1500	30	15	8001	8000
TotalLoad=2.24_PropFine=0.1_PropLive=0.7	0.067	0.605	0	0.157	1.411	D	2000	1800	1500	30	15	8001	8000
TotalLoad=2.24_PropFine=0.55_PropLive=0.7	0.37	0.302	0	0.862	0.706	D	2000	1800	1500	30	15	8001	8000
TotalLoad=2.24_PropFine=0.325_PropLive=0.7	0.218	0.454	0	0.51	1.058	D	2000	1800	1500	30	15	8001	8000
TotalLoad=2.24_PropFine=1_PropLive=0.5	1.12	0	0	1.12	0	D	2000	1800	1500	30	15	8001	8000
TotalLoad=2.24_PropFine=0.775_PropLive=0.7	0.521	0.151	0	1.215	0.353	D	2000	1800	1500	30	15	8001	8000
TotalLoad=2.24_PropFine=0.1_PropLive=0.9	0.022	0.202	0	0.202	1.814	D	2000	1800	1500	30	15	8001	8000
TotalLoad=2.24_PropFine=1_PropLive=0.7	0.672	0	0	1.568	0	D	2000	1800	1500	30	15	8001	8000
TotalLoad=2.24_PropFine=0.775_PropLive=0.9	0.174	0.05	0	1.562	0.454	D	2000	1800	1500	30	15	8001	8000
TotalLoad=2.24_PropFine=0.325_PropLive=0.9	0.073	0.151	0	0.655	1.361	D	2000	1800	1500	30	15	8001	8000
TotalLoad=2.24_PropFine=1_PropLive=0.9	0.224	0	0	2.016	0	D	2000	1800	1500	30	15	8001	8000
TotalLoad=2.24_PropFine=0.55_PropLive=0.9	0.123	0.101	0	1.109	0.907	D	2000	1800	1500	30	15	8001	8000
